1543305659	15849	281390	18684	
1543305669	15849	281390	18684	
1543305679	15849	281390	18684	
1543305689	15849	281390	18684	
1543305700	15849	281390	18684	
1543305710	15849	281390	18684	
1543305720	15849	281390	18684	
1543305747	15849	281390	18684	
1543305757	15849	281390	18684	
1543305767	15849	281390	18684	
1543305777	15849	281390	18684	
1543305787	15849	281390	18684	
1543305797	15849	281390	18684	
1543305807	15849	281390	18684	
1543305817	15849	281390	18684	
1543305827	15849	281390	18684	
1543305837	15849	281390	18684	
1543306033	15849	281390	18684	
1543306043	15849	281390	18684	
1543306053	15849	281390	18684	
1543306063	15849	281390	18684	
1543306073	15849	281390	18684	
1543306095	15849	281390	18684	
1543306105	15849	281390	18684	
1543306109	15849	281390	18684	
1543306119	15849	281390	18684	
1543306129	15849	281390	18684	
1543306132	15849	281390	18684	
1543306143	15849	281390	18684	
1543306174	15849	281390	18684	
1543306185	15849	281390	18684	
1543306195	15849	281390	18684	
1543306201	15849	281390	18684	
1543306227	15849	281390	18684	
1543306237	15849	281390	18684	
1543306247	15849	281390	18684	
1543306257	15849	281390	18684	
1543306267	15849	281390	18684	
1543306277	15849	281390	18684	
1543306287	15849	281390	18684	
1543306297	15849	281390	18684	
1543306307	15849	281390	18684	
1543306317	15849	281390	18684	
1543306327	15849	281390	18684	
1543306337	15849	281390	18684	
1543306347	15849	281390	18684	
1543306357	15849	281390	18684	
1543306367	15849	281390	18684	
1543306377	15849	281390	18684	
1543306387	15849	281390	18684	
1543306397	15849	281390	18684	
1543306407	15849	281390	18684	
1543306417	15849	281390	18684	
1543306427	15849	281390	18684	
1543306437	15849	281390	18684	
1543306447	15849	281390	18684	
1543306457	15849	281390	18684	
1543306467	15849	281390	18684	
1543306477	15849	281390	18684	
1543306487	15849	281390	18684	
1543306497	15849	281390	18684	
1543306507	15849	281390	18684	
1543306517	15849	281390	18684	
1543306527	15849	281390	18684	
1543306537	15849	281390	18684	
1543306547	15849	281390	18684	
1543306557	15849	281390	18684	
1543306567	15849	281390	18684	
1543306577	15849	281390	18684	
1543306587	15849	281390	18684	
1543306597	15849	281390	18684	
1543306607	15849	281390	18684	
1543306617	15849	281390	18684	
1543306627	15849	281390	18684	
1543306637	15849	281390	18684	
1543306647	15849	281390	18684	
1543306657	15849	281390	18684	
1543306667	15849	281390	18684	
1543306677	15849	281390	18684	
1543306687	15849	281390	18684	
1543306697	15849	281390	18684	
1543306707	15849	281390	18684	
1543306717	15849	281390	18684	
1543306727	15849	281390	18684	
1543306737	15849	281390	18684	
1543306747	15849	281390	18684	
1543306757	15849	281390	18684	
1543306767	15849	281390	18684	
1543306778	15849	281390	18684	
1543306788	15849	281390	18684	
1543306798	15849	281390	18684	
1543306808	15849	281390	18684	
1543306818	15849	281390	18684	
1543306828	15849	281390	18684	
1543306838	15849	281390	18684	
1543306848	15849	281390	18684	
1543306858	15849	281390	18684	
1543306868	15849	281390	18684	
1543306878	15849	281390	18684	
1543306888	15849	281390	18684	
1543306898	15849	281390	18684	
1543306908	15849	281390	18684	
1543306918	15849	281390	18684	
1543306928	15849	281390	18684	
1543306938	15849	281390	18684	
1543306948	15849	281390	18684	
1543306958	15849	281390	18684	
1543306968	15849	281390	18684	
1543306978	15849	281390	18684	
1543306988	15849	281390	18684	
1543306998	15849	281390	18684	
1543307008	15849	281390	18684	
1543307018	15849	281390	18684	
1543307028	15849	281390	18684	
1543307038	15849	281390	18684	
1543307048	15849	281390	18684	
1543307058	15849	281390	18684	
1543307068	16076	285437	18941	
1543307078	16334	290050	19243	
1543307090	16433	291959	19369	
1543307171	16434	291968	19370	
1543307365	16434	291968	19371	
1543307375	16695	296791	19705	
1543307385	16894	300605	19960	
1543307395	17188	305243	20252	
1543307405	17440	310328	20605	
1543307415	17642	314041	20844	
1543307425	17896	318710	21146	
1543307435	18160	323416	21465	
1543307445	18455	328068	21805	
1543307455	18716	332881	22106	
1543307465	18968	337714	22433	
1543307475	19229	342020	22717	
1543307485	19481	346145	23006	
1543307495	19731	350735	23314	
1543307505	19942	354617	23586	
1543307515	20205	359246	23878	
1543307525	20496	364385	24221	
1543307535	20778	369488	24579	
1543307545	21029	373936	24870	
1543307555	21290	378415	25174	
1543307567	21585	383708	25551	
1543307577	21828	388033	25839	
1543307579	21866	388882	25899	
1543307581	21912	389854	25948	
1543307582	21946	390267	25980	
1543307583	21963	390571	25992	
1543307977	31753	565606	37509	
1543307987	32008	570224	37815	
1543307997	32304	575648	38163	
1543308007	32561	580170	38476	
1543308017	32775	583769	38726	
1543308027	32974	587646	38991	
1543308037	33210	591850	39298	
1543308047	33469	596460	39594	
1543308057	33686	600487	39905	
1543308067	33879	604161	40152	
1543308077	34132	608958	40465	
1543308087	34338	613455	40754	
1543308097	34559	617734	41052	
1543308107	34782	621904	41295	
1543308117	35005	626146	41583	
1543308127	35251	630476	41862	
1543308137	35536	635621	42193	
1543308147	35752	640004	42521	
1543308157	36004	644884	42828	
1543308167	36255	649584	43129	
1543308262	36534	654793	43473	
1543308272	36798	659320	43763	
1543308282	37055	664059	44075	
1543308292	37301	668662	44411	
1543308302	37552	673191	44721	
1543308312	37776	677713	45012	
1543308322	38011	682420	45333	
1543308332	38243	686761	45632	
1543308342	38502	691702	45930	
1543308352	38756	696319	46208	
1543308363	39034	700870	46522	
1543308373	39270	705249	46846	
1543308383	39530	709839	47114	
1543308393	39754	713719	47381	
1543308403	39991	718103	47693	
1543308413	40280	722835	48008	
1543308423	40537	727498	48305	
1543308433	40795	732298	48632	
1543308443	41056	737268	48953	
1543308453	41320	741940	49278	
1543308463	41597	746468	49565	
1543308473	41867	751342	49888	
1543308483	42163	756368	50203	
1543308493	42444	761100	50478	
1543308503	42640	764782	50727	
1543308513	42861	769084	51002	
1543308523	43092	773297	51307	
1543308533	43358	778363	51654	
1543308543	43617	783259	51997	
1543308553	43852	787283	52276	
1543308563	44128	791759	52601	
1543308573	44303	795514	52855	
1543308583	44562	800507	53203	
1543308593	44815	805172	53486	
1543308603	45095	810133	53762	
1543308613	45368	814356	54028	
1543308623	45617	819002	54303	
1543308633	45877	823378	54597	
1543308643	46121	827438	54850	
1543308653	46349	831517	55126	
1543308663	46599	836050	55435	
1543308673	46857	840850	55745	
1543308683	47122	845217	56038	
1543308693	47393	849575	56369	
1543308703	47638	853831	56649	
1543308713	47864	858031	56946	
1543308723	48131	862862	57261	
1543308733	48410	867688	57574	
1543308743	48642	872155	57876	
1543308753	48897	877029	58193	
1543308763	49170	881839	58511	
1543308773	49373	885338	58753	
1543308783	49607	889276	58991	
1543308793	49854	894295	59326	
1543308803	50107	898965	59623	
1543308813	50356	903647	59961	
1543308823	50607	908411	60284	
1543308833	50843	912710	60597	
1543308843	51105	917106	60895	
1543308853	51328	921612	61175	
1543308863	51565	925796	61461	
1543308873	51860	930634	61824	
1543308883	52131	935076	62126	
1543308893	52386	939799	62461	
1543308903	52635	944154	62763	
1543308913	52888	948819	63125	
1543308923	53094	952764	63385	
1543308933	53360	957708	63694	
1543308943	53644	962235	63981	
1543308953	53894	966301	64250	
1543308963	54116	970395	64521	
1543308973	54348	974616	64774	
1543308983	54564	978718	65047	
1543308993	54783	983097	65344	
1543309003	55014	987278	65619	
1543309013	55262	991493	65895	
1543309023	55578	996456	66229	
1543309033	55869	1000883	66535	
1543309043	56143	1005668	66827	
1543309053	56378	1009721	67098	
1543309063	56559	1013459	67331	
1543309073	56862	1018623	67682	
1543309083	57076	1022569	67951	
1543309093	57351	1027008	68250	
1543309103	57619	1031827	68596	
1543309113	57867	1035753	68837	
1543309123	58110	1040193	69126	
1543309133	58378	1045331	69448	
1543309143	58639	1050284	69801	
1543309153	58872	1055066	70147	
1543309163	59129	1059920	70463	
1543309173	59396	1064433	70739	
1543309183	59633	1068876	71020	
1543309193	59851	1073012	71285	
1543309203	60110	1077488	71593	
1543309213	60354	1081813	71872	
1543309223	60620	1086811	72190	
1543309233	60843	1091020	72494	
1543309243	61055	1095076	72771	
1543309253	61358	1100299	73092	
1543309263	61588	1104129	73366	
1543309273	61818	1108529	73631	
1543309284	62119	1113712	73958	
1543309294	62396	1118725	74304	
1543309304	62649	1122912	74565	
1543309314	62922	1127755	74854	
1543309324	63208	1132610	75209	
1543309334	63468	1137308	75520	
1543309344	63705	1141968	75838	
1543309354	63986	1146414	76131	
1543309364	64211	1150832	76412	
1543309374	64431	1154853	76707	
1543309384	64676	1159853	77053	
1543309394	64926	1164740	77371	
1543309404	65158	1169697	77704	
1543309414	65355	1173687	77984	
1543309424	65589	1177743	78277	
1543309434	65883	1182523	78597	
1543309448	66126	1186897	78894	
